26366840 3493075334727999 xuni 5817
12151156 349218897 xuni 842
27107097 250087329 xuni 442
25734481 1281805827 xuni 10751
27661019 3493282128595468 xuni 2174
30016917 3494349782387138 xuni 1355
30232411 3494367861934226 xuni 503
30124834 3494353194453461 xuni 305
27115125 399925144 xuni 992
22583566 700599724 xuni 1738
27535049 3493116151598026 xuni 237
30243568 3494358974204458 xuni 82
26921078 3493117894330375 xuni 257
25501601 1063100626 xuni 589
3345156 10899888 xuni 473
27836911 3493297142106737 xuni 34
30255345 3494373641685227 xuni 327
44168 4868003 xuni 397
30043834 3493134191299166 xuni 121
27748820 3493290108258720 xuni 270
30315170 3494377886321557 xuni 2046
30516611 3493282571094175 xuni 85
30191618 1053380734 xuni 179
30449670 3537109575010466 xuni 174
30200710 3494369795508927 xuni 167
22920508 1705007318 xuni 202
30486659 247306840 xuni 140
30157409 25598671 xuni 99
30446801 3537109304478251 xuni 148
26197914 1918837081 xuni 70
30192306 3494370256882105 xuni 29
22426839 363395719 xuni 504
1050301 4071581 xuni 402
30336174 3494378511272288 xuni 653
23865857 286809985 xuni 50
30530318 3537115382024892 xuni 173
30014356 3493110277474440 xuni 28
30565326 3537117670017936 xuni 91
26084048 2050345279 xuni 90
30180602 1806982409 xuni 16
27451620 3493144228268730 xuni 80
30429352 3537108029409451 xuni 271
26337911 3493077192804446 xuni 66
14070531 4989143 xuni 141
24620930 322428555 xuni 71
30133441 4583836 xuni 29
30155842 1023627231 xuni 16
27774831 3493292463360276 xuni 18
7782312 238681329 xuni 2080
2579813 2918853 xuni 19
30521123 3537114589301315 xuni 48
27450728 1601484616 xuni 103
27507301 641700024 xuni 11
2630909 33356315 xuni 34
30508382 3537112878025599 xuni 47
30509091 3537113914018187 xuni 246
26099797 3461573542677337 xuni 41
1160515 21901208 xuni 177
30077082 3494362220595589 xuni 58
27878650 1414231802 xuni 19
30315407 393220967 diantai 276
22658774 1968707254 diantai 193
25888527 1731100051 diantai 267
27478331 1601490160 diantai 771
30572716 3537118250928156 diantai 11
27403787 502828913 diantai 166
30570653 3537118106225321 diantai 102
27420807 3493265934387986 diantai 97
30198550 391505774 diantai 29
5333226 7425766 diantai 11
30302134 3494377118763969 diantai 44
30479213 1634582983 diantai 88
27910479 3494351971814040 diantai 18
30197261 3494361861983154 diantai 239
27769571 501633763 diantai 151
5473715 9779065 diantai 120
27931099 3493275681949968 diantai 70
27641644 361236522 diantai 66
30508251 3537113286970299 diantai 8
30324934 3494378456746186 diantai 54
27436708 3493267448531437 diantai 34
30221415 50072655 diantai 24
27684033 471953713 diantai 251
27245178 3493143919987075 diantai 33
27255529 3461571619588712 diantai 48
27708229 1926641659 diantai 945
30165952 3494368728058449 diantai 93
30516010 3537114029361243 diantai 43
4142918 105175030 diantai 17
27714447 3493288371816844 diantai 64
30036718 482024039 diantai 104
27772427 696955101 diantai 109
30059444 3493282518666139 diantai 154
24762748 1855635621 diantai 179
30295791 3494376628029575 diantai 95
30500909 3537113356175864 diantai 403
30213077 3493284072654873 diantai 83
27033035 3493130884090357 diantai 25
25020991 315252292 diantai 120
30554658 3536997580802054 diantai 67
30599005 3493129017625047 diantai 23
30139112 3494366941284381 diantai 105
30237692 455946313 diantai 71
27489395 1410938158 diantai 152
30186794 3494369940211746 diantai 172
30598501 399786890 diantai 49
27485425 1686168780 diantai 13
30549183 1240532364 diantai 66
27491063 487526146 diantai 13
26190861 604009382 diantai 136
30551287 3537112026581151 diantai 120
30579330 644172148 diantai 182
565898 1649943 diantai 513
30607151 3537120836716558 diantai 73
30193207 3494365555067377 diantai 247
27149054 3493137800497830 diantai 125
30236256 95458957 diantai 36
30374639 1797834995 diantai 62
30329517 3494378653878342 diantai 123
30025608 3494356285655970 diantai 592
27704052 3493287470041620 diantai 42
25909599 1431216531 diantai 275
27792430 309509065 diantai 57
21778565 499255060 diantai 28
30359552 1793427397 diantai 81
30204206 173837483 diantai 107
30297064 3494376755956027 diantai 250
27419810 3493144609950140 diantai 26
27804290 3493293885230034 yule 69
22820500 2131609593 yule 8388
27110090 3493134539425925 yule 2016
5581471 179288789 yule 53310
27474351 387873209 yule 492
30516806 508315994 yule 73
14843023 384204989 yule 893
27937532 1822117804 yule 1044
24123565 355667382 yule 339
22815992 544125896 yule 1147
27370690 1140434156 yule 157
11553675 115247162 yule 1915
26789271 3493110669642421 yule 1594
27788162 3493293568559980 yule 47
27800046 220450212 yule 129
26218230 3461578741516468 yule 207
22871203 1463519331 yule 2626
23901724 1128279023 yule 1099
30304181 3494375610911318 yule 801
30579697 3537118720690510 yule 9
25204765 1160606206 yule 152
30268474 3494374449088645 yule 267
26427284 3493081340971625 yule 1492
21743919 282234318 yule 875871
27023579 478369780 yule 201
26023859 1169770728 yule 317
14638751 221921840 yule 5824
25643144 1005486656 yule 256
27262442 1300229111 yule 167
26038549 696365080 yule 10265
27497307 3493272097917120 yule 318
24645051 146482523 yule 500
27762535 11817750 yule 18
30238573 286191111 yule 235
26631272 1468846947 yule 6
30221022 253357924 yule 284
26802933 3493115455343048 yule 18775
23008512 1103940329 yule 228
22305883 22217130 yule 253
21661347 7951280 yule 1369
30519439 3537114652215713 yule 94
26648591 3493104367700577 yule 388
26645210 3493095255575084 yule 202
23366484 510990477 yule 1221
25878307 2043057630 yule 8
30542380 3537111634414404 yule 51
27709897 3493287958677864 yule 3214
26311087 1176071036 yule 818
22917324 229516051 yule 1014
30097155 3494363801847943 yule 396
22940627 1434522490 yule 66
24416278 410588425 yule 2259
30364619 3493282589969041 yule 142
30193090 502203357 yule 333
24731262 1990455546 yule 381
23195768 211839481 yule 5436
30428253 3537107899386205 yule 68
30579577 3537117690988552 yule 238
30248809 454633975 yule 135
29000505 3494354798774600 yule 63
23098693 402862124 yule 307
27862165 3493299134401247 yule 272
27668942 3493268260128845 yule 1016
236616 11162727 yule 136
30002979 434603918 yule 443
30516676 3493286218041802 yule 32
26540305 18256649 yule 41
30535431 3494373671045574 yule 167
9736325 297991412 gouwu 2362
8662009 39627524 gouwu 22778
26575879 3493082737675096 gouwu 877
27528841 2091237132 gouwu 25131
4932050 9199433 gouwu 4908
1250611 39334147 danji 7807
269240 12875864 danji 1900
13817460 3940502 danji 2645
21329290 405859497 danji 230
22411115 423565647 danji 204
30478274 3537111802185955 danji 38
25944859 3461569555990667 zhishi 364
27784229 3493293352553103 zhishi 281
12289362 108618052 shenghuo 16080
22504159 391837102 wangyou 2169
6276886 3036201 wangyou 773
25078268 2056895206 wangyou 3982
23348066 511309446 wangyou 138
24099544 30517346 wangyou 2092
23555200 525952604 shouyou 262133
7995722 274459325 shouyou 43805
30182685 399850620 shouyou 8196
5522440 206110357 shouyou 4950
27671985 1068019381 shouyou 1205
22936210 701366025 shouyou 82
30124121 3493265047292601 shouyou 552
27942261 1312201209 shouyou 414
